0.           
0.           
0.           
1.           
6.44617364
0.2940453   
-6.14398056   
1.          
-0.0790614  
-44.0187289
-3.33468854   
1.          
-8.9778786  
-83.64475645  
-6.00994488
 1.         
 -12.16162951 
 -88.50706647  
 -8.69726166   
 1.
 2.24411979 
 -89.84677507   
 0.52022595   
 1.          
 -6.44617364
 -0.2940453    
 6.14398056   
 1.         
 -11.73844996 
 -44.74555722
 9.32952157   
 1.         
 -18.10997943 
 -84.88449935   
 7.13021714
 1.         
 -21.56753713 
 -89.46804747   
 4.29536593   
 1.
 -10.25232234 
 -93.33193107  
 15.72902731   
 1.          
 -1.66446985
 38.2336959    
 0.08350691   
 1.          
 -2.29653142  
 52.80893451
 0.1189327    
 1.           
 1.03320555  
 69.98780915   
 5.84298503
 1.          
 -0.51394218  
 72.82674358   
 7.49956555   
 1.
 7.82760957  
 71.41657223   
 1.97736943   
 1.          
 -9.21732388
 69.18258613   
 3.14515955   
 1.           
 0.           
 0.
 0.           
 0.           
 6.84125406  
 66.58855324  
 10.96165355
 1.          
 12.93825588  
 52.57474739 
 -10.28380396   
 1.
 16.34413566  
 25.68385282 
 -13.58160145   
 1.          
 17.74426997
 -0.48685265  
 -8.49684221   
 1.         
 -16.30616935  
 53.06054346
 9.68411721   
 1.         
 -20.99568439  
 26.16679655  
 10.25902723
 1.         
 -15.36612888   
 0.10227506  
 11.55123533   
 1.
