total data size: 600
INFO: Created TensorFlow Lite delegate for GPU.
INFO: Initialized TensorFlow Lite runtime.
INFO: Created TensorFlow Lite XNNPACK delegate for CPU.
INFO: Initialized OpenCL-based API.
INFO: Created 1 GPU delegate kernels.
Time - 17.5129ms
Iter: 0 Identity
0 0 0 0 0 0 0 0 0 0 0 0 0 0 0 0 0 0 0 0 -nan -nan 0 0 0 0 0 0 0 0 0 0 0 0 0 0 0 0 -nan 3.58732e-43 3.15361e-06 -1.19211e-07 0 0 0 0 0 0 0 0 0 0 0 0 0 0 -nan -nan 0 0 0 0 0 0 0 0 0 0 0 0 0 0 0 0 0 0 0 0 0 0 0 0 0 0 0 0 0 0 0 0 0 0 -nan -nan 0 0 0 0 0 0 0 0 0 0 0 0 0 0 0 0 0 0 0 0 0 0 0 0 0 0 0 0 0 0 0 0 0 0 -nan -nan 0 0 0 0 0 0 0 0 0 0 0 0 0 0 0 0 0 0 0 0 0 0 0 0 0 0 0 0 0 0 0 0 0 0 -nan -nan 0 0 0 0 0 0 0 0 0 0 0 0 -nan 3.58732e-43 3.15523e-06 -1.19211e-07 3.14969e-06 -1.19211e-07 0 0 0 0 0 0 0 0 0 0 0 0 0 0 0 0 -nan -nan 0 0 0 0 0 0 0 0 0 0 0 0 0 0 0 0 0 0 0 0 0 0 0 0 0 0 0 0 0 0 0 0 0 0 2.48531e+23 -1.19211e-07 0 0 2.48531e+23 -1.19211e-07 0 1.4013e-45 0 0 5.60519e-45 0 1.06885e+33 -1.19211e-07 1.06885e+33 -1.19211e-07 1.06885e+33 -1.19211e-07 0 0 0 0 0 0 0 0 0 0 0 0 0 0 3.22556e-06 -1.19211e-07 0 0 2.48731e+23 -1.19211e-07 0 0 2.48731e+23 -1.19211e-07 1.12104e-44 4.2039e-45 0 0 0 0 1.06886e+33 -1.19211e-07 1.06886e+33 -1.19211e-07 1.06886e+33 -1.19211e-07 0 0 0 0 0 0 0 0 0 0 0 0 0 0 3.22583e-06 -1.19211e-07 0 0 -nan -nan 0 0 0 0 0 0 0 0 -nan 0 3.15202e-06 -1.19211e-07 0 0 0 0 0 0 0 0 0 0 0 0 0 0 0 0 0 0 0 0 0 0 -nan -nan 0 0 0 0 0 0 0 0 0 0 0 0 0 0 0 0 0 0 0 0 0 0 0 0 0 0 0 0 0 0 0 0 0 0 -nan -nan 0 0 0 0 0 0 0 0 0 0 0 0 0 0 0 0 0 0 0 0 0 0 0 0 0 0 0 0 0 0 0 0 0 0 -nan -nan 0 0 0 0 0 0 0 0 0 0 0 0 0 0 0 0 0 0 0 0 0 0 0 0 0 0 0 0 0 0 7.38308e-16 -1.19211e-07 0 0 -nan -nan 0 0 0 0 -nan 0 3.15202e-06 -1.19211e-07 0 0 0 0 0 0 0 0 0 0 0 0 0 0 0 0 0 0 0 0 0 0 0 0 0 0 -nan -nan 0 0 0 0 0 0 0 0 0 0 0 0 0 0 0 0 0 0 0 0 0 0 
--------------------------
Iter: 0 Identity_1
-nan -nan 0 0 0 0 0 0 0 0 0 0 0 0 0 0 0 0 0 0 0 0 0 0 0 0 0 0 0 0 0 0 0 0 0 0 -nan -nan 0 0 0 0 0 0 0 0 0 0 0 0 0 0 0 0 0 0 0 0 0 0 0 0 0 0 0 0 0 0 0 0 0 0 -nan -nan 0 0 0 0 0 0 0 0 -nan 3.58732e-43 3.1542e-06 -1.19211e-07 0 0 0 0 0 0 0 0 0 0 0 0 0 0 0 0 0 0 0 0 0 0 -nan -nan 0 0 0 0 0 0 0 0 0 0 0 0 0 0 0 0 0 0 0 0 0 0 0 0 0 0 0 0 0 0 0 0 0 0 -nan -nan 0 0 0 0 0 0 0 0 0 0 0 0 0 0 0 0 0 0 0 0 0 0 0 0 0 0 0 0 0 0 0 0 0 0 -nan -nan 0 0 0 0 0 0 0 0 0 0 0 0 0 0 0 0 0 0 0 0 0 0 0 0 0 0 0 0 0 0 0 0 0 0 -nan -nan 0 0 0 0 -nan 3.58732e-43 3.15294e-06 -1.19211e-07 0 0 0 0 0 0 0 0 0 0 0 0 0 0 0 0 0 0 0 0 0 0 0 0 0 0 -nan -nan 0 0 0 0 0 0 0 0 0 0 0 0 0 0 0 0 0 0 0 0 0 0 0 0 0 0 0 0 0 0 0 0 0 0 -nan -nan 0 0 0 0 0 0 0 0 0 0 0 0 0 0 0 0 0 0 0 0 0 0 0 0 0 0 0 0 0 0 0 0 0 0 -nan -nan 0 0 0 0 0 0 0 0 0 0 0 0 0 0 0 0 0 0 0 0 0 0 0 0 0 0 0 0 0 0 0 0 0 0 -nan -nan -nan 3.58732e-43 3.15361e-06 -1.19211e-07 0 0 0 0 0 0 0 0 0 0 0 0 0 0 0 0 0 0 0 0 0 0 0 0 0 0 0 0 0 0 -nan -nan 0 0 0 0 0 0 0 0 0 0 0 0 0 0 0 0 0 0 0 0 0 0 0 0 0 0 0 0 0 0 0 0 0 0 -nan -nan 0 0 0 0 0 0 0 0 0 0 0 0 0 0 0 0 0 0 0 0 0 0 0 0 0 0 0 0 0 0 0 0 0 0 -nan -nan 0 0 0 0 0 0 0 0 0 0 0 0 0 0 0 0 0 0 0 0 0 0 0 0 0 0 0 0 0 0 0 0 -nan 3.58732e-43 -nan -nan 0 0 0 0 0 0 0 0 0 0 0 0 0 0 0 0 0 0 0 0 0 0 0 0 0 0 0 0 0 0 0 0 0 0 -nan -nan 0 0 0 0 0 0 0 0 0 0 0 0 0 0 0 0 0 0 0 0 0 0 0 0 0 0 0 0 0 0 0 0 0 0 -nan -nan 0 0 0 0 0 0 0 0 0 0 0 0 0 0 0 0 0 0 0 0 0 0 0 0 0 0 0 0 0 0 0 0 0 0 -nan -nan 0 0 0 0 0 0 0 0 0 0 0 0 0 0 0 0 0 0 0 0 0 0 0 0 0 0 0 0 -nan 3.58732e-43 3.1542e-06 -1.19211e-07 0 0 -nan -nan 0 0 0 0 0 0 0 0 0 0 0 0 0 0 0 0 0 0 0 0 0 0 0 0 0 0 0 0 0 0 0 0 0 0 -nan -nan 0 0 0 0 0 0 0 0 0 0 0 0 0 0 0 0 0 0 0 0 0 0 0 0 0 0 0 0 0 0 0 0 0 0 -nan -nan 0 0 0 0 0 0 0 0 0 0 0 0 0 0 0 0 0 0 0 0 0 0 0 0 0 0 0 0 0 0 0 0 0 0 -nan -nan 0 0 0 0 0 0 0 0 0 0 0 0 0 0 0 0 0 0 0 0 0 0 0 0 -nan 3.58732e-43 3.15294e-06 -1.19211e-07 0 0 0 0 0 0 -nan -nan 0 0 0 0 0 0 0 0 0 0 0 0 0 0 0 0 0 0 0 0 0 0 0 0 0 0 0 0 0 0 0 0 0 0 -nan -nan 0 0 0 0 0 0 0 0 0 0 0 0 0 0 0 0 0 0 0 0 0 0 0 0 0 0 0 0 0 0 0 0 0 0 -nan -nan 0 0 0 0 0 0 0 0 0 0 0 0 0 0 0 0 0 0 0 0 0 0 0 0 0 0 0 0 0 0 0 0 0 0 -nan -nan 0 0 0 0 0 0 0 0 0 0 0 0 0 0 0 0 0 0 0 0 -nan 3.58732e-43 2.48585e+23 -1.19211e-07 0 0 0 0 0 0 0 0 0 0 -nan -nan 0 0 0 0 0 0 0 0 0 0 0 0 0 0 0 0 0 0 0 0 0 0 0 0 0 0 0 0 0 0 0 0 0 0 -nan -nan 0 0 0 0 0 0 0 0 0 0 0 0 0 0 0 0 0 0 0 0 0 0 0 0 0 0 0 0 0 0 0 0 0 0 -nan -nan 0 0 0 0 0 0 0 0 0 0 0 0 0 0 
--------------------------
Iter: 0 Identity_2
0.334832 -0.357734 -0.328069 -0.688758 0.315366 -0.121994 -0.370245 0.306441 -0.216522 -0.304702 0.113877 0.266276 -0.540278 -0.274284 -0.246259 0.332548 0.144848 -0.340846 0.102585 0.169606 0.0451893 -0.185783 0.00714815 0.0821545 -0.299199 -0.0440078 0.12272 0.552223 0.0434545 0.660148 -0.0433416 -0.387066 0.358874 -0.0876514 -0.261839 0.0690923 0.364238 -0.20241 -0.359589 -0.10769 0.102177 0.36418 0.51555 -0.10809 3.02144e-05 0.313597 0.0744295 -0.559384 0.0788177 -0.236545 -0.0839193 0.373676 0.327202 0.0321478 -0.290853 -0.509191 -0.0700669 0.0966244 -0.355624 -0.012365 0.243423 -0.213544 -0.0874295 -0.0274756 0.241655 0.151092 0.19363 -0.140778 0.11445 0.104468 -0.089921 -0.0345085 -0.270563 -0.0182304 0.420457 -0.2951 0.00247412 -0.53692 -0.311168 -0.0205936 -0.0483889 -0.0165011 -0.361385 0.282673 -0.264153 0.102183 -0.22999 -0.23202 0.0454834 -0.367 0.386218 -0.374474 0.54358 0.211795 -0.171077 -0.125189 0.0165791 0.0434349 -0.131223 -0.185954 -0.0667344 -0.057548 0.238383 -0.00146103 0.150622 0.0512865 0.31377 0.737501 -0.149759 -0.242839 0.310641 -0.0997309 -0.0715737 -0.0114801 -0.222204 -0.0538068 0.472329 -0.0307089 0.284191 0.215283 
--------------------------
**************************

